6.780814613488447
0.6464659879793307
0.2345745531930466
0.16231510153672346
0.13268356587022934
0.10639552231084404
0.08537851356962137
0.0730144570095636
0.05857122547015889
0.04991992719904277
0.04398002289907078
0.03688070353114443
0.031643528111525945
0.026451411684345862
0.024039212777512083
0.02058210454478115
0.018070443533973204
0.015632375529673802
0.01448326600210416
0.012684663599547596
0.011450075224084928
0.00994296732055722
0.009263335127591175
0.007798567165328083
0.007650984055628069
0.0068480822980218296
0.00643746758500134
0.005794437132876695
0.005042705548322376
0.005092840150442353
0.004525604054739216
0.004330821508381835
0.0039361271193101306
0.0036622875213773586
0.0034422778547393805
0.003226157938597386
0.0028160548627396555
0.00272367273236282
0.002568946730427483
0.0023590848771531748
0.0022647857278192715
0.0021024592998347617
0.0019383754504402903
0.0018109122051729082
0.0016204369925711
0.0016109310542841144
0.0015251706201378323
0.0014338034637667745
0.0013494365862187177
0.0012483826808662682
0.0011765693018232367
0.0011030968939347164
0.0009888262338434172
img\test\lt-1.jpg
[0.54347923]
img\test\lt-2.jpg
[1.06020673]
img\test\nlt-1.jpg
[-0.11822509]
img\test\nlt-2.jpg
[1.29815919]
